netcdf rnemis.E3.r720x360 {
dimensions:
	time = 12 ;
	lat = 360 ;
	lon = 720 ;
variables:
	float rnemis(time, lat, lon) ;
		rnemis:units = "atmos/cm2/s" ;
		rnemis:long_name = "radon flux" ;
		rnemis:_FillValue = 9.96921e+36f ;
	float time(time) ;
		time:long_name = "time slice since Jan" ;
	double lat(lat) ;
		lat:axis = "Y" ;
		lat:standard_name = "latitude" ;
		lat:units = "degrees_north" ;
		lat:long_name = "latitude" ;
	double lon(lon) ;
		lon:axis = "X" ;
		lon:standard_name = "longitude" ;
		lon:units = "degrees_east" ;
		lon:long_name = "longitude" ;
data:

 time = 1, 2, 3, 4, 5, 6, 7, 8, 9, 10, 11, 12 ;

 lat = -89.75, -89.25, -88.75, -88.25, -87.75, -87.25, -86.75, -86.25, 
    -85.75, -85.25, -84.75, -84.25, -83.75, -83.25, -82.75, -82.25, -81.75, 
    -81.25, -80.75, -80.25, -79.75, -79.25, -78.75, -78.25, -77.75, -77.25, 
    -76.75, -76.25, -75.75, -75.25, -74.75, -74.25, -73.75, -73.25, -72.75, 
    -72.25, -71.75, -71.25, -70.75, -70.25, -69.75, -69.25, -68.75, -68.25, 
    -67.75, -67.25, -66.75, -66.25, -65.75, -65.25, -64.75, -64.25, -63.75, 
    -63.25, -62.75, -62.25, -61.75, -61.25, -60.75, -60.25, -59.75, -59.25, 
    -58.75, -58.25, -57.75, -57.25, -56.75, -56.25, -55.75, -55.25, -54.75, 
    -54.25, -53.75, -53.25, -52.75, -52.25, -51.75, -51.25, -50.75, -50.25, 
    -49.75, -49.25, -48.75, -48.25, -47.75, -47.25, -46.75, -46.25, -45.75, 
    -45.25, -44.75, -44.25, -43.75, -43.25, -42.75, -42.25, -41.75, -41.25, 
    -40.75, -40.25, -39.75, -39.25, -38.75, -38.25, -37.75, -37.25, -36.75, 
    -36.25, -35.75, -35.25, -34.75, -34.25, -33.75, -33.25, -32.75, -32.25, 
    -31.75, -31.25, -30.75, -30.25, -29.75, -29.25, -28.75, -28.25, -27.75, 
    -27.25, -26.75, -26.25, -25.75, -25.25, -24.75, -24.25, -23.75, -23.25, 
    -22.75, -22.25, -21.75, -21.25, -20.75, -20.25, -19.75, -19.25, -18.75, 
    -18.25, -17.75, -17.25, -16.75, -16.25, -15.75, -15.25, -14.75, -14.25, 
    -13.75, -13.25, -12.75, -12.25, -11.75, -11.25, -10.75, -10.25, -9.75, 
    -9.25, -8.75, -8.25, -7.75, -7.25, -6.75, -6.25, -5.75, -5.25, -4.75, 
    -4.25, -3.75, -3.25, -2.75, -2.25, -1.75, -1.25, -0.75, -0.25, 0.25, 
    0.75, 1.25, 1.75, 2.25, 2.75, 3.25, 3.75, 4.25, 4.75, 5.25, 5.75, 6.25, 
    6.75, 7.25, 7.75, 8.25, 8.75, 9.25, 9.75, 10.25, 10.75, 11.25, 11.75, 
    12.25, 12.75, 13.25, 13.75, 14.25, 14.75, 15.25, 15.75, 16.25, 16.75, 
    17.25, 17.75, 18.25, 18.75, 19.25, 19.75, 20.25, 20.75, 21.25, 21.75, 
    22.25, 22.75, 23.25, 23.75, 24.25, 24.75, 25.25, 25.75, 26.25, 26.75, 
    27.25, 27.75, 28.25, 28.75, 29.25, 29.75, 30.25, 30.75, 31.25, 31.75, 
    32.25, 32.75, 33.25, 33.75, 34.25, 34.75, 35.25, 35.75, 36.25, 36.75, 
    37.25, 37.75, 38.25, 38.75, 39.25, 39.75, 40.25, 40.75, 41.25, 41.75, 
    42.25, 42.75, 43.25, 43.75, 44.25, 44.75, 45.25, 45.75, 46.25, 46.75, 
    47.25, 47.75, 48.25, 48.75, 49.25, 49.75, 50.25, 50.75, 51.25, 51.75, 
    52.25, 52.75, 53.25, 53.75, 54.25, 54.75, 55.25, 55.75, 56.25, 56.75, 
    57.25, 57.75, 58.25, 58.75, 59.25, 59.75, 60.25, 60.75, 61.25, 61.75, 
    62.25, 62.75, 63.25, 63.75, 64.25, 64.75, 65.25, 65.75, 66.25, 66.75, 
    67.25, 67.75, 68.25, 68.75, 69.25, 69.75, 70.25, 70.75, 71.25, 71.75, 
    72.25, 72.75, 73.25, 73.75, 74.25, 74.75, 75.25, 75.75, 76.25, 76.75, 
    77.25, 77.75, 78.25, 78.75, 79.25, 79.75, 80.25, 80.75, 81.25, 81.75, 
    82.25, 82.75, 83.25, 83.75, 84.25, 84.75, 85.25, 85.75, 86.25, 86.75, 
    87.25, 87.75, 88.25, 88.75, 89.25, 89.75 ;

 lon = 0, 0.5, 1, 1.5, 2, 2.5, 3, 3.5, 4, 4.5, 5, 5.5, 6, 6.5, 7, 7.5, 8, 
    8.5, 9, 9.5, 10, 10.5, 11, 11.5, 12, 12.5, 13, 13.5, 14, 14.5, 15, 15.5, 
    16, 16.5, 17, 17.5, 18, 18.5, 19, 19.5, 20, 20.5, 21, 21.5, 22, 22.5, 23, 
    23.5, 24, 24.5, 25, 25.5, 26, 26.5, 27, 27.5, 28, 28.5, 29, 29.5, 30, 
    30.5, 31, 31.5, 32, 32.5, 33, 33.5, 34, 34.5, 35, 35.5, 36, 36.5, 37, 
    37.5, 38, 38.5, 39, 39.5, 40, 40.5, 41, 41.5, 42, 42.5, 43, 43.5, 44, 
    44.5, 45, 45.5, 46, 46.5, 47, 47.5, 48, 48.5, 49, 49.5, 50, 50.5, 51, 
    51.5, 52, 52.5, 53, 53.5, 54, 54.5, 55, 55.5, 56, 56.5, 57, 57.5, 58, 
    58.5, 59, 59.5, 60, 60.5, 61, 61.5, 62, 62.5, 63, 63.5, 64, 64.5, 65, 
    65.5, 66, 66.5, 67, 67.5, 68, 68.5, 69, 69.5, 70, 70.5, 71, 71.5, 72, 
    72.5, 73, 73.5, 74, 74.5, 75, 75.5, 76, 76.5, 77, 77.5, 78, 78.5, 79, 
    79.5, 80, 80.5, 81, 81.5, 82, 82.5, 83, 83.5, 84, 84.5, 85, 85.5, 86, 
    86.5, 87, 87.5, 88, 88.5, 89, 89.5, 90, 90.5, 91, 91.5, 92, 92.5, 93, 
    93.5, 94, 94.5, 95, 95.5, 96, 96.5, 97, 97.5, 98, 98.5, 99, 99.5, 100, 
    100.5, 101, 101.5, 102, 102.5, 103, 103.5, 104, 104.5, 105, 105.5, 106, 
    106.5, 107, 107.5, 108, 108.5, 109, 109.5, 110, 110.5, 111, 111.5, 112, 
    112.5, 113, 113.5, 114, 114.5, 115, 115.5, 116, 116.5, 117, 117.5, 118, 
    118.5, 119, 119.5, 120, 120.5, 121, 121.5, 122, 122.5, 123, 123.5, 124, 
    124.5, 125, 125.5, 126, 126.5, 127, 127.5, 128, 128.5, 129, 129.5, 130, 
    130.5, 131, 131.5, 132, 132.5, 133, 133.5, 134, 134.5, 135, 135.5, 136, 
    136.5, 137, 137.5, 138, 138.5, 139, 139.5, 140, 140.5, 141, 141.5, 142, 
    142.5, 143, 143.5, 144, 144.5, 145, 145.5, 146, 146.5, 147, 147.5, 148, 
    148.5, 149, 149.5, 150, 150.5, 151, 151.5, 152, 152.5, 153, 153.5, 154, 
    154.5, 155, 155.5, 156, 156.5, 157, 157.5, 158, 158.5, 159, 159.5, 160, 
    160.5, 161, 161.5, 162, 162.5, 163, 163.5, 164, 164.5, 165, 165.5, 166, 
    166.5, 167, 167.5, 168, 168.5, 169, 169.5, 170, 170.5, 171, 171.5, 172, 
    172.5, 173, 173.5, 174, 174.5, 175, 175.5, 176, 176.5, 177, 177.5, 178, 
    178.5, 179, 179.5, 180, 180.5, 181, 181.5, 182, 182.5, 183, 183.5, 184, 
    184.5, 185, 185.5, 186, 186.5, 187, 187.5, 188, 188.5, 189, 189.5, 190, 
    190.5, 191, 191.5, 192, 192.5, 193, 193.5, 194, 194.5, 195, 195.5, 196, 
    196.5, 197, 197.5, 198, 198.5, 199, 199.5, 200, 200.5, 201, 201.5, 202, 
    202.5, 203, 203.5, 204, 204.5, 205, 205.5, 206, 206.5, 207, 207.5, 208, 
    208.5, 209, 209.5, 210, 210.5, 211, 211.5, 212, 212.5, 213, 213.5, 214, 
    214.5, 215, 215.5, 216, 216.5, 217, 217.5, 218, 218.5, 219, 219.5, 220, 
    220.5, 221, 221.5, 222, 222.5, 223, 223.5, 224, 224.5, 225, 225.5, 226, 
    226.5, 227, 227.5, 228, 228.5, 229, 229.5, 230, 230.5, 231, 231.5, 232, 
    232.5, 233, 233.5, 234, 234.5, 235, 235.5, 236, 236.5, 237, 237.5, 238, 
    238.5, 239, 239.5, 240, 240.5, 241, 241.5, 242, 242.5, 243, 243.5, 244, 
    244.5, 245, 245.5, 246, 246.5, 247, 247.5, 248, 248.5, 249, 249.5, 250, 
    250.5, 251, 251.5, 252, 252.5, 253, 253.5, 254, 254.5, 255, 255.5, 256, 
    256.5, 257, 257.5, 258, 258.5, 259, 259.5, 260, 260.5, 261, 261.5, 262, 
    262.5, 263, 263.5, 264, 264.5, 265, 265.5, 266, 266.5, 267, 267.5, 268, 
    268.5, 269, 269.5, 270, 270.5, 271, 271.5, 272, 272.5, 273, 273.5, 274, 
    274.5, 275, 275.5, 276, 276.5, 277, 277.5, 278, 278.5, 279, 279.5, 280, 
    280.5, 281, 281.5, 282, 282.5, 283, 283.5, 284, 284.5, 285, 285.5, 286, 
    286.5, 287, 287.5, 288, 288.5, 289, 289.5, 290, 290.5, 291, 291.5, 292, 
    292.5, 293, 293.5, 294, 294.5, 295, 295.5, 296, 296.5, 297, 297.5, 298, 
    298.5, 299, 299.5, 300, 300.5, 301, 301.5, 302, 302.5, 303, 303.5, 304, 
    304.5, 305, 305.5, 306, 306.5, 307, 307.5, 308, 308.5, 309, 309.5, 310, 
    310.5, 311, 311.5, 312, 312.5, 313, 313.5, 314, 314.5, 315, 315.5, 316, 
    316.5, 317, 317.5, 318, 318.5, 319, 319.5, 320, 320.5, 321, 321.5, 322, 
    322.5, 323, 323.5, 324, 324.5, 325, 325.5, 326, 326.5, 327, 327.5, 328, 
    328.5, 329, 329.5, 330, 330.5, 331, 331.5, 332, 332.5, 333, 333.5, 334, 
    334.5, 335, 335.5, 336, 336.5, 337, 337.5, 338, 338.5, 339, 339.5, 340, 
    340.5, 341, 341.5, 342, 342.5, 343, 343.5, 344, 344.5, 345, 345.5, 346, 
    346.5, 347, 347.5, 348, 348.5, 349, 349.5, 350, 350.5, 351, 351.5, 352, 
    352.5, 353, 353.5, 354, 354.5, 355, 355.5, 356, 356.5, 357, 357.5, 358, 
    358.5, 359, 359.5 ;
}
